25.2, 326.8
131.78571428571428, 321.14285714285717
138.6769230769231, 791.3846153846154
264.6341463414634, 526.6585365853658
270.1363636363636, 734.8636363636364
280.63793103448273, 515.0862068965517
282.8421052631579, 374.1578947368421
302.64285714285717, 306.76785714285717
298.5, 331.5
319.31666666666666, 389.3666666666667
321.6470588235294, 538.4901960784314
323.70588235294116, 366.47058823529414
327.8524590163934, 274.655737704918
344.20512820512823, 434.54700854700855
344.8636363636364, 387.0
349.39130434782606, 548.75
350.0625, 893.125
356.1066666666667, 425.29333333333335
359.6296296296296, 764.0
366.2156862745098, 607.0196078431372
368.44086021505376, 428.73118279569894
367.7586206896552, 535.5344827586207
371.5, 910.0
380.4655172413793, 656.3793103448276
385.2830188679245, 421.8301886792453
396.390625, 407.3125
398.06666666666666, 777.8666666666667
398.3125, 927.5833333333334
401.6585365853659, 468.9146341463415
405.90410958904107, 411.3835616438356
412.0, 732.5
416.0843373493976, 690.9156626506024
419.8421052631579, 376.8421052631579
428.2758620689655, 739.0689655172414
429.4142857142857, 750.8
432.8139534883721, 889.0232558139535
432.5, 863.2142857142857
437.18, 760.16
437.4805194805195, 851.0649350649351
440.51428571428573, 616.8857142857142
443.4189189189189, 541.0675675675676
441.82758620689657, 727.8965517241379
443.3207547169811, 682.4150943396227
450.8421052631579, 963.1578947368421
456.61538461538464, 910.6153846153846
461.5, 928.0
465.8679245283019, 696.9056603773585
471.4415584415584, 572.025974025974
472.1, 832.82
477.0740740740741, 913.6666666666666
478.94029850746267, 681.9104477611941
480.15492957746477, 541.7042253521126
480.6304347826087, 623.1086956521739
483.86486486486484, 674.7027027027027
485.0, 667.0
490.0, 597.5
492.4507042253521, 740.5352112676056
493.3333333333333, 369.3076923076923
493.4, 550.5142857142857
496.6, 381.51428571428573
497.29411764705884, 628.5
498.66153846153844, 847.8615384615384
501.9655172413793, 952.5057471264367
498.5, 399.7857142857143
501.25, 280.25
507.0, 765.4
508.17241379310343, 566.1034482758621
507.975, 993.075
509.8125, 847.0
510.90909090909093, 622.5
510.0, 703.5
514.3333333333334, 367.125
513.1666666666666, 581.1666666666666
513.1666666666666, 598.0
520.7238095238096, 616.0761904761905
515.7788461538462, 638.7307692307693
516.2065217391304, 677.1413043478261
513.5, 839.0
516.3157894736842, 353.7368421052632
517.3, 204.85
521.3737373737374, 805.979797979798
519.875, 579.6666666666666
523.2950819672132, 473.1475409836066
523.0178571428571, 485.625
524.2763157894736, 520.578947368421
523.9130434782609, 603.3478260869565
528.0416666666666, 855.5972222222222
528.469696969697, 872.8181818181819
527.0, 882.6785714285714
531.6851851851852, 541.574074074074
531.9102564102565, 552.5897435897435
532.0, 673.2647058823529
534.0, 992.5
536.8636363636364, 174.0
542.5333333333333, 861.5
541.6229508196722, 972.6229508196722
545.5540540540541, 710.5405405405405
544.6304347826087, 605.1086956521739
545.2727272727273, 613.6363636363636
548.6, 753.2
547.4, 875.4857142857143
547.5, 231.5
552.1162790697674, 899.1162790697674
553.4102564102565, 718.4871794871794
553.5, 313.0
554.5, 425.5
556.8, 1074.56
561.8039215686274, 539.7450980392157
559.8965517241379, 915.2413793103449
567.99, 661.13
561.7857142857143, 719.2142857142857
565.7708333333334, 738.6875
564.4848484848485, 874.0909090909091
567.5, 674.2162162162163
567.0, 691.0
568.578947368421, 903.719298245614
569.6285714285714, 892.7714285714286
574.4459459459459, 729.1486486486486
573.6666666666666, 442.8666666666667
574.875, 527.5357142857143
574.7142857142857, 973.4404761904761
579.0151515151515, 570.6363636363636
578.6304347826087, 587.1086956521739
585.32, 438.88
583.0, 930.7352941176471
586.9423076923077, 615.3846153846154
588.3048780487804, 650.4268292682926
586.9459459459459, 762.0
589.2048192771084, 745.0
592.0, 598.311320754717
590.1578947368421, 639.1578947368421
594.4468085106383, 518.2340425531914
596.9032258064516, 608.741935483871
596.7391304347826, 726.3913043478261
596.0, 548.0
596.1578947368421, 675.8421052631579
597.6176470588235, 775.3823529411765
600.8636363636364, 643.0454545454545
601.9245283018868, 506.49056603773585
603.3521126760563, 656.3943661971831
602.5, 553.75
603.54, 599.16
602.3571428571429, 238.21428571428572
604.5, 923.5
606.1282051282051, 733.8717948717949
608.5737704918033, 489.8524590163934
612.0, 765.5
611.7222222222222, 886.8333333333334
614.5, 466.5
613.3333333333334, 930.125
618.5, 665.84
618.0, 798.5
617.84375, 881.625
621.3888888888889, 720.1666666666666
619.7368421052631, 843.9824561403509
620.4776119402985, 440.2238805970149
621.5, 675.6060606060606
619.7560975609756, 899.0
622.1162790697674, 689.3488372093024
621.0344827586207, 711.4137931034483
622.625, 565.15625
624.5, 781.5
625.64, 627.76
627.5, 570.0
629.25, 915.0
631.0, 700.5
632.6333333333333, 798.3666666666667
633.5, 689.0
635.06, 585.58
641.03125, 648.453125
636.5853658536586, 980.170731707317
640.5, 636.5
641.390243902439, 596.5121951219512
641.1702127659574, 695.0212765957447
642.1666666666666, 567.8
644.5, 862.5
648.4255319148937, 706.0957446808511
648.2777777777778, 583.6111111111111
648.3666666666667, 631.3666666666667
650.5490196078431, 679.8823529411765
650.030303030303, 774.4242424242424
652.6567164179105, 785.7910447761194
652.3666666666667, 642.3666666666667
656.7142857142857, 456.625
654.3333333333334, 727.8666666666667
656.0196078431372, 952.7058823529412
656.1129032258065, 973.5967741935484
655.5, 616.5
658.4375, 712.3125
659.3396226415094, 747.0
659.0784313725491, 482.70588235294116
663.3333333333334, 493.01851851851853
661.8333333333334, 915.2222222222222
664.0102040816327, 627.6530612244898
669.1388888888889, 903.6111111111111
671.6153846153846, 852.8269230769231
672.7391304347826, 951.8260869565217
678.938596491228, 743.8245614035088
676.5, 555.1739130434783
674.5, 789.0
679.1836734693877, 502.9387755102041
679.8524590163935, 672.3770491803278
690.0, 717.0857142857143
685.5, 732.0
688.7714285714286, 562.3714285714286
691.4626865671642, 607.5970149253732
692.0338983050848, 549.4406779661017
692.8169014084507, 800.830985915493
694.3015873015873, 620.5396825396825
695.1132075471698, 573.622641509434
698.859649122807, 729.2719298245614
696.7058823529412, 533.5
700.5294117647059, 740.4313725490196
703.8474576271186, 805.4237288135594
704.9318181818181, 769.5
711.8026315789474, 665.2763157894736
709.2413793103449, 622.7931034482758
712.1621621621622, 564.918918918919
714.7789473684211, 652.5684210526316
714.7111111111111, 589.1333333333333
720.5909090909091, 710.5454545454545
719.0, 543.25
725.5631067961165, 749.5533980582525
723.1388888888889, 502.3888888888889
725.3617021276596, 729.2978723404256
726.3695652173913, 802.8913043478261
732.6, 540.8222222222222
734.9135802469136, 740.7283950617284
734.1666666666666, 700.1666666666666
745.6746987951807, 749.5903614457832
742.8695652173913, 968.2173913043479
748.6811594202899, 781.8550724637681
754.0294117647059, 871.0882352941177
766.7592592592592, 588.3703703703703
765.6571428571428, 778.0857142857143
769.0, 962.5
792.25, 618.1428571428571
792.32, 792.24
793.0, 817.5
795.6829268292682, 429.1463414634146
799.8421052631579, 813.1578947368421
801.5, 786.5
811.62, 794.9
827.9148936170212, 715.7021276595744
837.5849056603773, 734.0754716981132
887.5, 130.85714285714286
