216.8709677419355 873.6612903225806
247.32 930.2
253.33333333333334 834.3030303030303
261.38775510204084 772.8571428571429
267.6111111111111 720.3888888888889
270.3898305084746 709.0508474576271
275.0243902439024 844.5853658536586
277.1566265060241 897.1686746987951
277.5 620.5
279.26229508196724 870.9672131147541
281.6666666666667 592.0
284.7111111111111 913.1333333333333
284.8333333333333 697.7222222222222
286.83720930232556 706.6744186046511
290.5 756.0
293.0816326530612 857.9183673469388
294.12820512820514 917.8717948717949
298.7142857142857 702.2
298.2352941176471 713.7058823529412
299.175 782.4
309.1020408163265 875.5102040816327
306.0217391304348 795.0869565217391
309.015625 592.921875
310.7368421052632 610.7631578947369
312.3636363636364 657.6060606060606
313.5 840.7058823529412
314.5 765.5
315.09090909090907 934.2121212121212
320.61224489795916 607.7755102040817
320.5 837.5
328.72727272727275 860.1212121212121
328.26666666666665 1014.4666666666667
333.38947368421054 1036.6736842105263
332.64516129032256 945.483870967742
336.98275862068965 579.4310344827586
338.9761904761905 769.3333333333334
338.01851851851853 610.6666666666666
341.780487804878 674.219512195122
346.35483870967744 573.5
348.741935483871 796.2258064516129
348.8611111111111 705.0
357.0 701.0
361.76785714285717 1071.392857142857
361.6666666666667 765.8333333333334
367.35714285714283 898.7857142857143
372.5 739.2142857142857
379.3965517241379 757.6034482758621
388.44117647058823 1072.4117647058824
390.5 729.0
394.7692307692308 1064.076923076923
399.65909090909093 689.1818181818181
399.5 775.0
402.8666666666667 652.2
403.7391304347826 879.6739130434783
405.6551724137931 700.2586206896551
407.09090909090907 523.7878787878788
408.6 621.6181818181818
408.6938775510204 660.8775510204082
409.3529411764706 544.6470588235294
417.6774193548387 552.0645161290323
418.5 594.0
420.7368421052632 610.5263157894736
428.15625 822.25
428.18518518518516 702.1851851851852
438.25 1005.6
439.4029850746269 749.3731343283582
439.9625 847.575
444.41509433962267 735.6792452830189
444.09411764705885 863.8
450.9824561403509 637.859649122807
450.0 742.0
450.625 824.625
462.3333333333333 523.4166666666666
467.8695652173913 526.5217391304348
488.1111111111111 892.4545454545455
491.82758620689657 498.6034482758621
492.6296296296296 798.0
502.72727272727275 472.90909090909093
509.64285714285717 896.2142857142857
509.6666666666667 1072.5
512.7317073170732 631.4146341463414
513.4090909090909 758.7727272727273
518.5 766.0
550.1162790697674 486.1162790697674
559.7727272727273 765.5909090909091
571.1607142857143 415.30357142857144
589.0238095238095 644.0952380952381
591.655737704918 518.0819672131148
607.030303030303 1027.8181818181818
608.7884615384615 1239.0576923076924
616.1 670.6333333333333
616.6333333333333 630.3666666666667
639.8611111111111 994.3888888888889
655.7826086956521 173.1304347826087
694.3921568627451 1040.1764705882354
706.0 733.3098591549295
734.6315789473684 502.1578947368421
746.4455445544554 594.4356435643564
748.7361111111111 695.9861111111111
778.6290322580645 749.5967741935484
789.4150943396227 541.3207547169811
792.6034482758621 630.3965517241379
798.4827586206897 940.1034482758621
967.8771929824561 1092.8245614035088
969.2857142857143 711.5
